2 2 1 300 200,300 nuts 1
2 2 1 300 200,300 ultranest 1
2 4 1 300 200,300 nuts 1
2 4 1 300 200,300 ultranest 1
2 6 1 300 200,300 nuts 1
2 6 1 300 200,300 ultranest 1
2 8 1 300 200,300 nuts 1
2 8 1 300 200,300 ultranest 1
2 10 1 300 200,300 nuts 1
2 10 1 300 200,300 ultranest 1
8 2 1 600 400,600 nuts 1
8 2 1 600 400,600 ultranest 1
8 4 1 600 400,600 nuts 1
8 4 1 600 400,600 ultranest 1
8 6 1 600 400,600 nuts 1
8 6 1 600 400,600 ultranest 1
8 8 1 600 400,600 nuts 1
8 8 1 600 400,600 ultranest 1
8 10 1 600 400,600 nuts 1
8 10 1 600 400,600 ultranest 1
16 2 1 1000 700,1000 nuts 1
16 2 1 1000 700,1000 ultranest 1
16 4 1 1000 700,1000 nuts 1
16 4 1 1000 700,1000 ultranest 1
16 6 1 1000 700,1000 nuts 1
16 6 1 1000 700,1000 ultranest 1
16 8 1 1000 700,1000 nuts 1
16 8 1 1000 700,1000 ultranest 1
16 10 1 1000 700,1000 nuts 1
16 10 1 1000 700,1000 ultranest 1
2 2 1 300 200,300 nuts 2
2 2 1 300 200,300 ultranest 2
2 4 1 300 200,300 nuts 2
2 4 1 300 200,300 ultranest 2
2 6 1 300 200,300 nuts 2
2 6 1 300 200,300 ultranest 2
2 8 1 300 200,300 nuts 2
2 8 1 300 200,300 ultranest 2
2 10 1 300 200,300 nuts 2
2 10 1 300 200,300 ultranest 2
8 2 1 600 400,600 nuts 2
8 2 1 600 400,600 ultranest 2
8 4 1 600 400,600 nuts 2
8 4 1 600 400,600 ultranest 2
8 6 1 600 400,600 nuts 2
8 6 1 600 400,600 ultranest 2
8 8 1 600 400,600 nuts 2
8 8 1 600 400,600 ultranest 2
8 10 1 600 400,600 nuts 2
8 10 1 600 400,600 ultranest 2
16 2 1 1000 700,1000 nuts 2
16 2 1 1000 700,1000 ultranest 2
16 4 1 1000 700,1000 nuts 2
16 4 1 1000 700,1000 ultranest 2
16 6 1 1000 700,1000 nuts 2
16 6 1 1000 700,1000 ultranest 2
16 8 1 1000 700,1000 nuts 2
16 8 1 1000 700,1000 ultranest 2
16 10 1 1000 700,1000 nuts 2
16 10 1 1000 700,1000 ultranest 2
2 2 1 300 200,300 nuts 3
2 2 1 300 200,300 ultranest 3
2 4 1 300 200,300 nuts 3
2 4 1 300 200,300 ultranest 3
2 6 1 300 200,300 nuts 3
2 6 1 300 200,300 ultranest 3
2 8 1 300 200,300 nuts 3
2 8 1 300 200,300 ultranest 3
2 10 1 300 200,300 nuts 3
2 10 1 300 200,300 ultranest 3
8 2 1 600 400,600 nuts 3
8 2 1 600 400,600 ultranest 3
8 4 1 600 400,600 nuts 3
8 4 1 600 400,600 ultranest 3
8 6 1 600 400,600 nuts 3
8 6 1 600 400,600 ultranest 3
8 8 1 600 400,600 nuts 3
8 8 1 600 400,600 ultranest 3
8 10 1 600 400,600 nuts 3
8 10 1 600 400,600 ultranest 3
16 2 1 1000 700,1000 nuts 3
16 2 1 1000 700,1000 ultranest 3
16 4 1 1000 700,1000 nuts 3
16 4 1 1000 700,1000 ultranest 3
16 6 1 1000 700,1000 nuts 3
16 6 1 1000 700,1000 ultranest 3
16 8 1 1000 700,1000 nuts 3
16 8 1 1000 700,1000 ultranest 3
16 10 1 1000 700,1000 nuts 3
16 10 1 1000 700,1000 ultranest 3
